0.00
0.00
0.74
1.48
1.48
2.22
2.22
2.59
2.96
2.96
3.33
3.70
4.07
4.07
4.07
4.44
4.81
4.81
5.19
5.56
5.56
5.56
6.30
6.67
6.30
7.04
7.04
7.04
7.41
7.78
8.15
8.15
8.15
8.52
8.89
8.52
8.89
9.26
9.63
9.63
9.63
10.00
10.00
10.74
10.74
10.74
10.74
11.11
11.11
11.48
11.85
11.48
11.85
11.85
11.85
12.22
12.22
12.59
12.59
12.59
12.59
12.59
12.96
13.33
12.96
13.33
13.33
13.70
13.70
13.70
13.70
14.07
14.07
14.44
14.44
14.07
14.44
14.07
14.44
14.44
14.81
14.81
14.81
14.81
14.81
15.19
15.19
15.19
15.19
15.19
15.19
15.19
15.19
15.56
15.56
15.56
15.56
15.56
15.93
15.93
15.93
15.93
15.93
15.93
15.93
16.30
16.30
16.30
15.93
16.30
15.93
16.30
16.30
16.67
16.30
16.67
16.30
16.67
16.67
16.67
16.67
16.67
17.04
16.67
17.04
17.04
17.04
17.04
17.04
17.04
17.04
17.41
17.04
17.41
17.04
17.04
17.41
17.41
17.41
17.04
17.04
17.41
17.04
17.41
17.41
17.41
17.04
17.41
17.41
17.41
17.78
17.41
17.41
17.41
17.78
17.78
17.41
17.78
17.41
17.78
17.78
17.78
17.78
17.78
17.41
17.78
18.15
17.78
17.78
17.78
17.78
17.78
17.78
18.15
17.78
17.78
17.78
17.78
18.15
17.78
17.78
17.78
18.15
18.15
18.15
17.78
18.15
17.78
18.15
17.78
17.78
18.15
18.15
18.15
18.15
18.15
18.15
17.78
18.15
18.15
18.15
18.15
18.15
18.15
18.15
18.15
18.15
18.15
18.15
18.15
18.15
18.15
18.15
18.15
18.15
18.15
18.52
18.15
18.15
18.15
18.15
18.15
18.52
18.52
18.15
18.15
18.15
18.52
18.52
18.15
18.15
18.15
18.15
18.15
18.52
18.52
18.52
18.52
18.52
18.15
18.52
18.52
18.15
18.52
18.15
18.52
18.52
18.15
18.15
18.52
18.52
18.52
18.15
18.52
18.15
18.52
18.52
18.52
18.52
18.15
18.52
18.89
18.52
18.52
18.15
18.52
18.89
18.52
18.52
18.52
18.52
18.52
18.89
18.52
18.52
18.52
18.52
18.52
18.89
18.52
18.52
18.52
18.52
18.89
18.52
18.52
18.89
18.52
18.52
18.89
18.52
18.52
18.52
18.52
18.89
18.52
18.52
18.52
18.89
18.52
18.89
18.52
18.52
18.52
18.89
18.52
18.52
18.52
18.52
18.52
18.89
18.52
18.52
18.52
18.52
18.52
18.89
18.52
18.52
18.52
18.52
18.89
18.52
18.52
18.52
18.52
18.89
18.52
18.52
18.52
18.52
18.52
18.89
18.52
18.52
18.52
18.89
18.52
18.89
18.52
18.52
18.52
18.89
18.52
18.52
18.52
18.52
18.89
18.52
18.89
18.52
18.52
18.89
18.52
18.89
18.52
18.89
18.52
18.52
18.52
18.89
18.52
18.52
18.52
18.89
18.89
18.52
18.52
18.89
18.89
18.52
18.89
18.89
18.52
18.89
18.89
18.52
18.89
18.52
18.89
18.89
18.52
18.52
18.89
18.52
18.89
18.89
18.89
18.89
18.52
18.89
18.89
18.89
18.89
18.89
18.52
18.52
18.89
18.52
18.89
18.89
18.89
18.89
18.89
18.89
18.89
18.89
18.89
18.89
18.89
18.89
18.89
18.89
18.89
18.89
18.89
18.89
18.89
18.89
18.89
18.89
18.89
18.89
18.89
18.89
18.89
18.89
18.89
18.89
18.89
19.26
18.52
18.52
18.89
19.26
18.89
18.89
18.89
18.89
18.89
19.26
18.89
18.89
18.89
18.89
19.26
18.89
18.89
18.52
18.89
18.89
18.89
18.89
18.89
18.89
18.89
19.26
18.89
18.89
18.89
18.89
19.26
18.89
18.89
18.89
18.89
19.26
18.89
18.89
18.89
18.89
18.89
19.26
18.89
18.89
18.89
18.89
18.89
18.89
18.89
18.89
18.89
19.26
18.89
18.89
19.26
18.89
18.89
19.26
18.89
18.89
18.89
19.26
18.89
18.89
18.89
19.26
18.89
19.26
18.89
19.26
18.89
18.89
19.26
19.26
18.89
18.89
19.26
18.89
19.26
19.26
18.89
19.26
18.89
19.26
19.26
18.89
19.26
18.89
19.26
19.26
18.89
18.89
19.26
18.89
18.89
18.89
19.26
18.89
19.26
19.26
19.26
19.26
18.89
19.26
19.26
19.26
18.89
18.89
19.26
18.89
18.89
18.89
19.26
18.89
18.89
18.89
19.26
18.89
18.89
19.26
19.26
18.89
18.89
19.26
19.26
19.26
19.26
19.26
19.26
19.26
19.26
19.26
19.26
19.26
19.26
19.26
19.26
18.89
18.89
18.89
19.26
18.89
19.26
19.26
19.26
19.26
19.26
19.26
18.89
18.89
18.89
19.26
19.26
18.89
19.26
19.26
19.26
19.26
19.26
19.26
18.89
18.89
19.26
19.26
18.89
19.26
19.26
19.26
19.26
19.26
19.26
19.26
18.89
19.26
19.26
19.26
19.26
19.26
19.26
19.26
18.89
19.26
19.26
19.26
19.26
19.26
18.89
19.26
19.26
19.63
19.26
19.26
19.26
19.26
19.63
19.26
19.26
19.26
19.26
19.26
19.63
19.26
19.26
19.26
19.26
19.26
19.26
19.26
18.89
19.26
19.63
19.26
19.26
19.26
19.26
19.26
19.26
19.26
19.26
19.26
19.26
19.26
19.26
19.26
19.26
19.26
19.26
19.26
19.26
19.26
19.26
19.26
19.26
19.26
19.26
19.26
19.26
19.26
19.26
19.26
19.26
19.26
19.26
19.26
19.26
19.26
19.26
19.26
19.26
19.26
19.26
19.26
19.63
19.63
19.26
19.26
19.26
19.26
19.26
19.26
19.26
19.26
19.26
19.26
19.26
18.89
19.26
19.63
19.63
19.26
19.26
19.26
19.26
19.26
19.26
19.26
19.26
19.63
19.26
19.26
19.26
19.26
19.26
19.26
19.26
19.26
19.26
19.26
19.26
19.26
19.26
19.63
19.26
19.63
19.63
19.26
19.26
19.26
19.26
19.26
19.26
19.26
19.26
19.26
19.26
19.26
19.26
19.26
19.26
19.26
19.26
19.26
19.26
19.26
19.26
19.63
19.63
19.26
19.26
19.26
19.26
19.26
19.26
19.26
19.26
19.26
19.26
19.63
19.26
19.26
19.63
19.63
19.26
19.26
19.26
19.63
19.63
19.63
19.26
19.26
19.63
19.63
19.26
19.63
19.26
19.26
19.63
19.26
19.63
19.26
19.26
19.26
19.26
19.26
19.26
19.26
19.63
19.26
19.26
19.63
19.26
19.26
19.26
19.26
19.26
19.26
19.63
19.26
19.26
19.63
19.26
19.26
19.26
19.63
19.63
19.63
19.26
19.26
19.63
19.63
19.63
19.26
19.26
19.26
19.26
19.26
19.26
19.63
19.63
19.26
19.26
19.26
19.63
19.63
19.26
19.26
19.26
19.26
19.26
19.63
19.63
19.26
19.26
19.26
19.63
19.26
19.63
19.26
19.26
19.63
19.26
19.63
19.26
19.63
19.63
19.26
19.26
19.26
19.26
19.26
19.63
19.63
19.63
19.63
19.63
19.26
19.26
19.26
19.26
19.26
19.26
19.26
19.26
19.26
19.26
19.26
19.26
19.26
19.26
19.26
19.26
19.63
19.63
19.26
19.26
19.26
19.63
19.63
19.26
19.63
19.63
19.26
19.26
19.26
19.26
19.63
19.26
19.26
19.26
19.26
19.26
19.26
19.26
19.26
19.26
19.26
19.63
19.26
19.26
19.26
19.26
19.26
19.63
19.26
19.26
19.63
19.63
19.63
19.26
19.63
19.26
19.63
19.26
19.26
19.26
19.26
19.63
19.26
19.63
19.63
19.63
19.63
19.26
19.63
19.26
19.26
19.26
19.63
19.26
19.63
19.26
19.63
19.26
19.63
19.26
19.26
19.26
19.26
19.63
19.26
19.26
19.26
19.26
19.63
19.26
19.63
19.63
19.63
19.26
19.63
19.26
19.63
19.63
19.26
19.63
19.26
19.26
19.63
19.26
19.63
19.26
19.26
19.26
19.63
19.26
19.63
19.26
19.63
19.26
19.63
19.26
19.63
19.63
19.26
19.63
19.63
19.26
19.26
19.63
19.26
19.63
19.26
19.26
19.63
19.26
19.63
19.26
19.26
19.26
19.63
19.26
19.63
19.26
19.26
19.63
19.26
19.63
19.26
