0.00
0.00
0.00
0.00
0.00
0.00
0.00
0.00
0.00
0.00
0.00
0.00
0.00
0.00
0.00
0.00
0.00
0.00
0.00
0.00
0.00
0.00
0.00
0.00
0.00
0.00
0.00
0.00
0.00
0.00
0.00
0.00
0.00
0.00
0.00
0.00
0.00
0.00
0.00
0.00
0.00
0.00
0.00
0.00
0.00
0.00
0.00
0.00
0.00
0.00
0.00
0.00
0.00
0.00
0.00
0.00
0.00
0.00
0.00
0.00
0.00
0.00
0.00
0.00
0.00
0.00
0.00
0.00
0.00
0.00
0.00
0.00
0.00
0.00
0.00
0.00
0.00
0.00
0.00
0.00
0.00
0.00
0.00
0.00
0.00
0.00
0.00
0.00
0.00
0.00
0.00
0.00
0.00
0.00
0.00
0.00
0.00
0.00
0.00
0.00
0.00
0.00
0.00
0.00
0.00
0.00
0.00
0.00
0.00
0.00
0.00
0.00
0.00
0.00
0.00
0.00
0.00
0.00
0.00
0.00
0.00
0.00
0.00
0.00
0.00
0.00
0.00
0.00
0.00
0.00
0.00
0.00
0.00
0.00
0.00
0.00
0.00
0.00
0.00
0.00
0.00
0.00
0.00
0.00
0.00
0.00
0.00
0.00
0.00
0.00
0.00
0.00
0.00
0.00
0.00
0.00
0.00
0.00
0.00
0.00
0.00
0.00
0.00
0.00
0.00
0.00
0.00
0.00
0.00
0.00
0.00
0.00
0.00
0.00
0.00
0.00
0.00
0.00
0.00
0.00
0.00
0.00
0.00
0.00
0.00
0.00
0.00
0.00
0.00
0.00
0.00
0.00
0.00
0.00
0.00
0.00
0.00
0.00
0.00
0.00
0.00
0.00
0.00
0.00
0.00
0.00
0.00
0.00
0.00
0.00
0.00
0.00
0.00
0.00
0.00
0.00
0.00
0.00
0.00
0.00
0.00
0.00
0.00
0.00
0.00
0.00
0.00
0.00
0.00
0.00
0.00
0.00
0.00
0.00
0.00
0.00
0.00
0.00
0.00
0.00
0.00
0.00
0.00
0.00
0.00
0.00
0.00
0.00
0.00
0.00
0.00
0.00
0.00
0.00
0.00
0.00
0.00
0.00
0.00
0.00
0.00
0.00
0.00
0.00
0.00
0.00
0.00
0.00
0.00
0.00
0.00
0.00
0.00
0.00
0.00
0.00
0.00
0.00
0.00
0.00
0.00
0.00
0.00
0.00
0.00
0.00
0.00
0.00
0.00
0.00
0.00
0.00
0.00
0.00
0.00
0.00
0.00
0.00
0.00
0.00
0.00
0.00
0.00
0.00
0.00
0.00
0.00
0.00
0.00
0.00
0.00
0.00
0.00
0.00
0.00
0.00
0.00
0.00
0.00
0.00
0.00
0.00
0.00
0.00
0.00
0.00
0.00
0.00
0.00
0.00
0.00
0.00
0.00
0.00
0.00
0.00
0.00
0.37
1.11
1.48
1.85
2.22
2.22
2.59
2.96
2.96
3.33
3.70
3.70
4.44
4.81
4.81
5.19
5.19
5.56
5.56
5.93
6.67
6.67
6.67
7.41
7.41
7.78
7.78
8.15
8.15
8.52
8.89
8.89
9.26
9.26
9.63
10.00
10.37
10.74
11.11
11.11
11.48
11.85
11.85
12.22
12.22
12.59
12.96
13.33
13.70
13.70
14.07
14.44
14.44
14.44
15.19
15.56
15.56
15.93
15.93
16.30
16.67
17.04
17.41
17.04
17.78
17.78
18.15
18.15
18.52
18.52
18.52
18.89
19.26
19.26
19.26
19.63
19.63
20.00
20.37
20.00
20.37
20.37
20.74
20.74
21.11
20.74
21.11
20.74
21.48
21.11
21.11
21.48
21.48
21.85
21.85
21.85
21.85
21.85
21.85
22.22
22.22
22.22
22.22
21.85
22.22
22.22
22.22
22.59
22.22
22.22
22.59
22.59
22.59
22.59
22.59
22.59
22.59
22.96
22.59
22.96
22.96
22.96
22.96
22.96
22.96
22.96
22.59
22.96
22.96
23.33
22.96
22.96
22.96
23.33
22.96
22.96
22.96
22.96
23.33
22.96
23.33
22.96
23.33
23.33
22.96
23.33
23.33
23.33
22.96
23.33
22.96
23.70
23.33
23.33
23.33
23.33
23.33
23.33
23.33
23.33
23.33
23.33
23.33
23.33
23.70
23.33
23.33
23.33
23.70
23.33
23.33
23.33
23.70
23.33
23.33
23.70
23.33
23.70
23.33
23.33
23.70
23.70
23.33
23.33
23.70
23.33
23.33
23.70
23.33
23.33
23.70
23.70
23.33
23.70
23.70
23.33
23.33
23.70
23.70
23.70
23.33
23.70
23.70
23.70
23.33
23.70
23.70
23.70
23.70
23.33
23.70
23.70
23.70
23.70
23.70
23.70
23.70
23.70
23.70
23.70
23.70
23.70
23.70
23.70
24.07
23.70
23.70
23.70
23.70
23.70
23.70
23.70
23.70
24.07
23.70
23.33
23.70
23.70
23.70
23.70
23.70
24.07
23.70
23.70
23.70
23.70
23.70
23.70
23.70
23.70
24.07
23.70
23.33
23.70
23.70
23.70
23.70
23.70
23.70
23.70
23.70
23.70
23.70
24.07
23.70
23.33
24.07
23.70
23.70
23.70
23.70
23.70
23.70
23.70
23.70
23.70
24.07
23.70
23.33
23.70
23.70
23.70
23.70
23.70
24.07
23.70
23.70
23.70
23.70
24.07
23.70
23.70
23.70
24.07
23.70
23.70
23.70
24.07
23.70
23.70
23.70
24.07
23.70
23.70
23.70
24.07
23.70
24.07
23.70
23.70
24.07
23.70
23.70
24.07
24.07
23.70
23.70
24.07
23.70
24.07
23.70
23.70
24.07
24.07
23.70
23.70
24.07
24.07
23.70
24.07
23.70
24.07
24.07
23.70
23.70
24.07
24.07
23.70
24.07
23.70
23.70
24.07
23.70
24.07
24.07
24.07
23.70
24.07
24.07
24.07
23.70
24.07
24.07
24.07
23.70
24.07
24.07
24.07
23.70
24.07
24.07
24.07
24.07
24.07
24.07
24.07
24.07
23.70
24.07
24.07
24.07
24.07
24.07
24.07
24.07
24.07
24.07
24.07
24.07
24.07
24.07
24.07
24.07
24.07
24.07
24.07
24.44
24.07
24.07
24.07
24.07
24.44
24.07
24.07
24.07
24.44
24.07
24.07
24.07
24.44
24.07
24.07
24.44
24.07
24.44
24.07
24.07
24.44
24.07
24.07
24.07
24.44
24.07
24.07
24.07
24.44
23.70
24.07
24.07
24.07
24.44
24.07
24.07
24.07
24.44
23.70
24.07
24.07
24.44
23.70
24.07
24.07
24.44
23.70
24.07
24.07
24.44
24.07
24.07
24.07
24.44
24.07
24.07
24.44
24.07
24.44
24.07
24.07
24.07
24.44
24.07
24.07
24.44
24.44
24.07
24.07
24.44
24.07
24.44
24.07
24.07
24.44
24.07
24.44
24.07
24.44
24.07
24.44
24.07
24.44
24.07
24.07
24.44
24.07
24.44
24.07
24.44
24.07
24.44
24.07
24.44
23.70
24.07
24.44
24.07
24.07
24.44
24.07
24.44
23.70
24.07
24.44
24.07
24.44
24.07
24.44
24.07
24.44
24.07
24.44
24.07
24.44
24.07
24.44
24.07
24.44
24.07
24.44
24.07
24.44
24.07
24.44
24.07
24.44
24.07
24.44
24.44
24.07
24.07
24.44
24.44
24.07
24.44
24.07
24.44
24.07
24.44
24.07
24.44
24.07
24.44
24.07
24.44
24.07
24.44
23.70
24.07
24.44
24.07
24.44
24.07
24.44
24.07
24.44
23.70
24.07
24.44
24.07
24.44
24.07
24.44
24.07
24.07
24.44
24.07
24.44
24.07
24.44
24.07
24.44
24.07
24.07
24.44
24.07
24.07
24.44
24.44
24.07
24.07
24.07
24.44
24.07
24.44
24.07
24.44
24.07
24.44
24.07
24.07
24.44
24.07
24.44
24.07
24.44
24.07
24.44
24.07
24.44
24.07
24.44
23.70
24.07
24.44
24.07
24.44
24.44
24.07
24.44
23.70
24.07
24.44
24.07
24.44
24.07
24.44
24.07
24.44
24.07
24.44
24.07
24.07
24.44
24.07
24.44
24.07
24.44
24.44
24.07
24.44
24.07
24.44
24.07
24.44
24.07
24.44
24.07
24.44
24.07
24.44
24.07
24.44
24.07
24.44
24.07
24.44
24.07
24.07
24.44
24.44
24.07
24.44
24.07
24.81
24.07
24.44
24.07
24.44
24.44
24.07
24.44
24.07
24.81
24.07
24.44
24.07
24.81
24.07
24.44
24.07
24.81
24.07
24.44
