0.00
0.00
0.00
0.00
0.00
0.00
0.00
0.00
0.00
0.00
0.00
0.00
0.00
0.00
0.00
0.00
0.00
0.00
0.00
0.00
0.00
0.00
0.00
0.00
0.00
0.00
0.00
0.00
0.00
0.00
0.00
0.00
0.00
0.00
0.00
0.00
0.00
0.00
0.00
0.00
0.00
0.00
0.00
0.00
0.00
0.00
0.00
0.00
0.00
0.00
0.00
0.00
0.00
0.00
0.00
0.00
0.00
0.00
0.00
0.00
0.00
0.00
0.00
0.00
0.00
0.00
0.00
0.00
0.00
0.00
0.00
0.00
0.00
0.00
0.00
0.00
0.00
0.00
0.00
0.00
0.00
0.00
0.00
0.00
0.00
0.00
0.00
0.00
0.00
0.00
0.00
0.00
0.00
0.00
0.00
0.00
0.00
0.00
0.00
0.00
0.00
0.00
0.00
0.00
0.00
0.00
0.00
0.00
0.00
0.00
0.00
0.00
0.00
0.00
0.00
0.00
0.00
0.00
0.00
0.00
0.00
0.00
0.00
0.00
0.00
0.00
0.00
0.00
0.00
0.00
0.00
0.00
0.00
0.00
0.00
0.00
0.00
0.00
0.00
0.00
0.00
0.00
0.00
0.00
0.00
0.00
0.00
0.00
0.00
0.00
0.00
0.00
0.00
0.00
0.00
0.00
0.00
0.00
0.00
0.00
0.00
0.00
0.00
0.00
0.00
0.00
0.00
0.00
0.00
0.00
0.00
0.00
0.00
0.00
0.00
0.00
0.00
0.00
0.00
0.00
0.00
0.00
0.00
0.00
0.00
0.00
0.00
0.00
0.00
0.00
0.00
0.00
0.00
0.00
0.00
0.00
0.00
0.00
0.00
0.00
0.00
0.00
0.00
0.00
0.00
0.00
0.00
0.00
0.00
0.00
0.00
0.00
0.00
0.00
0.00
0.00
0.00
0.00
0.00
0.00
0.00
0.00
0.00
0.00
0.00
0.00
0.00
0.00
0.00
0.00
0.00
0.00
0.00
0.00
0.00
0.00
0.00
0.00
0.00
0.00
0.00
0.00
0.00
0.00
0.00
0.00
0.00
0.00
0.00
0.00
0.00
0.00
0.00
0.00
0.00
0.00
0.00
0.00
0.00
0.00
0.00
0.00
0.00
0.00
0.00
0.00
0.00
0.00
0.00
0.00
0.00
0.00
0.00
0.00
0.00
0.00
0.00
0.00
0.00
0.00
0.00
0.00
0.00
0.00
0.00
0.00
0.00
0.00
0.00
0.00
0.00
0.00
0.00
0.00
0.00
0.00
0.00
0.00
0.00
0.00
0.00
0.00
0.00
0.00
0.00
0.00
0.00
0.00
0.00
0.00
0.00
0.00
0.00
0.00
0.00
0.00
0.00
0.00
0.00
0.00
0.00
0.00
0.00
0.00
0.00
0.00
0.00
0.00
0.00
0.00
0.00
0.00
0.00
0.00
0.00
0.00
0.00
0.00
0.00
0.00
0.00
0.00
0.00
0.00
0.00
0.00
0.00
0.00
0.00
0.00
0.00
0.00
0.00
0.00
0.00
0.00
0.00
0.00
0.00
0.00
0.00
0.00
0.00
0.00
0.00
0.00
0.00
0.00
0.00
0.00
0.00
0.00
0.00
0.00
0.00
0.00
0.00
0.00
0.00
0.00
0.00
0.00
0.00
0.00
0.00
0.00
0.00
0.00
0.00
0.00
0.00
0.00
0.00
0.00
0.00
0.00
0.00
0.00
0.00
0.00
0.00
0.00
0.00
0.00
0.00
0.00
0.00
0.00
0.00
0.00
0.00
0.00
0.00
0.00
0.00
0.00
0.00
0.00
0.00
0.00
0.00
0.00
0.00
0.00
0.00
0.00
0.00
0.00
0.00
0.00
0.00
0.00
0.00
0.00
0.00
0.00
0.00
3.05
10.67
18.30
25.16
32.02
38.88
45.74
52.60
59.47
65.57
73.19
79.29
84.63
88.44
92.25
94.54
96.82
97.59
100.64
100.64
102.92
103.68
105.21
104.45
109.02
105.97
109.02
105.21
108.26
107.50
106.73
109.02
106.73
108.26
105.97
107.50
109.02
106.73
111.31
111.31
106.73
107.50
109.02
109.02
108.26
112.07
109.78
109.02
106.73
108.26
109.78
109.02
109.78
109.02
107.50
109.78
109.02
108.26
107.50
109.02
110.55
109.02
109.02
109.78
107.50
109.78
106.73
109.02
109.02
109.78
109.78
109.02
111.31
108.26
109.02
108.26
107.50
109.78
109.78
109.78
110.55
107.50
109.78
106.73
107.50
108.26
109.02
107.50
107.50
107.50
107.50
109.78
110.55
109.02
108.26
109.78
110.55
112.07
106.73
108.26
109.02
109.02
109.02
109.02
109.02
113.60
106.73
113.60
109.02
109.02
108.26
109.02
109.02
110.55
109.78
110.55
109.02
109.02
109.78
110.55
108.26
108.26
108.26
109.78
108.26
110.55
109.78
110.55
108.26
108.26
108.26
109.78
109.02
110.55
109.02
112.83
109.78
109.78
109.02
109.78
109.02
109.02
109.02
109.02
109.02
108.26
109.78
112.83
112.83
112.83
108.26
109.02
109.78
108.26
108.26
107.50
109.02
108.26
109.02
108.26
107.50
109.02
107.50
109.78
107.50
109.78
109.02
107.50
107.50
107.50
107.50
107.50
109.78
109.78
112.07
109.78
108.26
107.50
108.26
110.55
107.50
108.26
107.50
108.26
108.26
109.78
113.60
107.50
107.50
109.78
108.26
111.31
109.78
113.60
109.02
108.26
109.78
109.02
110.55
108.26
108.26
109.78
107.50
108.26
109.78
108.26
109.78
109.78
112.07
109.02
107.50
110.55
108.26
106.73
112.83
108.26
109.02
108.26
108.26
109.78
111.31
109.02
109.02
108.26
109.78
109.02
109.78
108.26
109.78
109.78
109.02
109.02
108.26
109.02
109.02
108.26
109.02
109.02
109.02
112.83
109.02
109.02
108.26
112.83
112.83
109.78
109.78
112.83
107.50
109.02
109.02
109.78
106.73
113.60
109.02
109.02
109.78
112.83
109.78
110.55
109.02
112.83
108.26
109.02
108.26
109.02
109.02
110.55
109.02
109.78
112.07
109.02
108.26
108.26
109.02
109.78
114.36
109.02
110.55
113.60
108.26
107.50
107.50
109.02
